-369
-72
-115
-312
-399
-493
-343
-209
-133
-338
-229
-450
-202
-89
-200
-58
-247
-450
-230
-419
-333
-235
-408
-89
4
-407
-280
-235
-9
-390
-43
-83
-458
8
-361
1
-469
-460
-21
-170
-404
-30
-132
-449
-255
7
-100
-47
-105
-469
-121
-399
-146
-293
-150
-391
-451
-12
-50
-436
-325
-388
-170
-369
-494
-250
-251
-421
-75
-500
-194
-438
-171
-140
-342
-316
-30
-249
-261
-395
-120
-48
-273
-301
-103
-81
-423
-347
-148
-343
-5
-474
9
-428
-448
-429
-192
-197
-408
-326
-439
-312
-432
-286
-378
-267
-11
-224
-106
-386
-416
-284
-217
-235
-216
-499
8
-174
-112
-118
-499
-213
-168
-92
-34
-280
-206
-443
-483
-79
-322
-365
-407
-105
-411
-78
-214
-14
-348
-16
-354
-444
-385
3
-123
-56
-473
-43
-97
-479
-28
-364
-134
-278
-336
-325
-85
-368
-432
-40
-204
-165
-236
-244
-280
-126
-152
-61
-104
-267
-486
-220
-206
-335
-117
-340
-438
-126
-313
-181
-282
-151
-82
-497
-127
-29
-137
-80
-65
-132
-454
-419
-394
-339
-349
-122
-495
-449
-368
-163
-205
-24
-376
-459
-185
-254
-316
-403
-231
-306
-31
-275
-188
-351
-80
-24
-13
-153
-140
-56
-45
-72
-443
-117
-383
-6
-402
-498
-40
-487
-326
-61
-390
-95
-20
-334
-178
-193
-406
-487
-126
-351
-414
-427
-426
-418
-162
-346
-294
-182
-419
-430
-370
-403
-6
-18
-380
-342
-273
-468
-294
-296
-417
-30
-327
-43
-147
-401
-469
-160
-275
-489
-225
-309
-370
-229
-473
-160
-301
-283
-31
-212
-259
-45
-341
-399
-261
-50
-400
-71
-49
-301
-313
-389
-393
-85
-62
-70
-298
-441
-381
-315
-298
-132
-313
-328
-416
-133
-305
-48
-15
-314
-81
-238
-233
-485
-493
-135
-144
-111
-134
-251
-389
-133
-115
-493
-417
9
-433
-206
-406
-99
-288
-138
-2
-145
-97
-145
-154
-115
-291
-139
-331
-139
2
-61
-228
-1
-126
-279
-171
-322
-452
-215
-270
-180
-246
-365
8
-474
-100
-424
-2
-390
-374
-154
-130
-271
-75
-388
-288
-98
-122
-322
-311
-227
-168
-464
-135
-262
-497
-420
-27
-308
-471
-448
-272
-122
-135
-440
-334
-420
-492
-82
-282
-269
-292
-192
-444
-109
-380
-147
-100
-126
-397
-48
-406
-444
-334
-140
-406
-331
-180
-252
-375
-233
-14
-481
-174
-421
-364
-86
-94
-393
-474
-437
-124
-341
-314
-490
-476
-479
-122
0
-147
-268
-186
-92
-78
-82
-208
-342
-128
-481
-33
-140
-329
-51
-442
-308
-60
-246
-130
-346
-163
-137
-27
-341
-343
-58
-329
-242
-317
-374
-199
-224
-157
-283
-112
-327
-42
-213
-406
-333
-316
-128
-411
-160
-51
-56
-400
-8
-244
-307
-484
-489
-129
-423
-118
-422
-85
-119
-370
-276
-326
-375
-287
-239
-74
-249
-150
-425
-354
-179
-53
-194
-7
-300
-495
-90
-61
-215
-37
-264
-141
-58
-226
-354
-323
-331
-488
-415
-31
-193
-404
-444
-382
-195
-323
-238
4
-287
-304
-107
-229
-477
-233
-49
-397
-477
-84
-254
-467
-76
-161
-451
-288
-311
-236
-393
-252
-33
-308
-184
-78
-406
-133
-192
-56
-18
-441
-320
-491
-350
-500
-390
-407
-137
-404
-119
-324
-8
-454
-209
-242
-425
-127
-496
-286
-96
-361
-163
3
-298
-390
-395
-154
-500
-436
-495
-72
-259
-85
-469
-287
-71
-484
-358
-413
-307
-416
-172
-340
-220
-396
-445
-149
-311
-90
-375
-499
-177
-193
-79
-374
-490
-310
-202
-362
-341
-176
-48
-223
-197
-357
-249
-103
-370
-271
-288
-191
-464
-336
-252
-472
-298
-348
-166
-416
-147
-395
-77
-144
-122
-494
-9
-119
-311
-496
-28
-24
-444
-3
-176
-337
-362
-122
-373
-211
-59
-198
-234
-248
-85
-71
-241
-133
-79
-341
-50
-150
-171
5
-153
-186
-370
-262
4
-237
-311
-150
-196
-297
-481
-66
-161
-108
-146
-326
-438
-499
-221
-88
-419
-277
-447
-128
-118
-151
-124
-491
-3
-144
-54
-479
-347
-283
-149
-493
-169
-219
-460
-193
-50
-1
-330
-327
-74
-206
-376
-405
-296
-331
-323
-360
-5
-487
-340
-185
-500
-26
-319
-336
-460
-127
-475
-225
-216
-139
-312
-235
-309
-141
-106
-316
-435
-325
-54
-152
-467
-381
-238
-277
-1
-419
-47
-30
-310
-75
-273
-472
-37
-171
-182
-344
-120
-446
-108
-479
-228
-27
-272
-79
-458
-222
-90
-153
-248
-6
-274
-231
-165
-32
-146
-433
-274
-463
-496
-470
-105
-360
-496
-12
-343
-298
-381
-275
-4
-431
-222
-109
-100
-493
-64
-233
-346
-146
-86
-266
-42
-73
-421
-500
-316
-64
-48
-262
-108
-266
-419
-263
-3
-226
-155
9
-24
-313
-82
-232
-273
-255
-146
-372
-465
-447
-146
-404
-5
-94
-164
-55
-260
-225
-323
-306
-119
-476
-410
-379
-267
-443
-145
-273
-2
-191
-124
-387
-301
-474
-318
-89
-372
-209
-248
-433
-217
-489
-499
-10
-446
-24
-246
-193
-494
-277
-41
-74
-292
-412
-225
-235
-350
-374
-100
-465
-336
-13
-471
-406
-333
-62
-186
-268
-175
-14
-469
-297
-25
-241
-253
-469
-8
-335
-102
-263
-117
-398
-118
-254
-326
-373
-239
-26
-385
-468
-299
-371
-153
-420
-484
-30
-80
-32
-26
-271
-199
-236
-247
-39
-331
-238
-58
-421
-272
-402
-389
-49
-217
-213
-286
-203
-126
-224
-164
-35
-154
-131
-20
-276
-423
-294
-187
-454
-332
-76
-201
-179
-271
-367
-313
-3
-180
-123
-154
-134
-204
-181
-51
-432
-103
-124
-199
-85
-23
-399
-279
-155
-230
-449
-90
-427
-328
-61
-478
-378
-221
-303
-43
-57
-222
-39
-30
-52
6
-241
-498
-35
-144
-144
-492
-4
-82
-482
-443
-186
-149
-239
-238
-436
-488
-72
-52
-472
-302
-240
-390
-259
-217
-229
-392
-145
-382
-87
-395
-411
-248
-194
-165
-241
-304
-236
-178
-132
-291
-162
-401
-499
-371
-159
-254
-77
-426
-217
-2
-480
-440
-195
-346
-483
-402
-401
-434
-302
-273
-362
-272
-176
-35
-76
-18
-494
-339
-227
-227
-238
-452
-131
-199
-5
-73
-182
-179
-156
-15
-486
-12
-42
-42
-442
-344
-484
-478
-75
-39
-320
-53
-32
-272
-18
-306
-257
-75
-423
-50
-269
-365
-156
-204
-12
-53
-76
-91
-384
-443
-123
-99
-429
-276
-277
-169
-91
-427
-82
-23
-178
-450
-197
-262
-96
-38
-284
-131
-418
-449
-411
-344
-281
-299
-69
-358
-293
-477
-436
-227
-131
-139
-469
-113
-499
-425
-246
-266
-305
-380
-212
-143
-204
-309
-374
-383
-468
-126
-359
-108
-15
-363
-31
-122
-180
-392
-183
-45
-451
-489
-160
-434
-11
-119
-96
-447
-463
-135
-360
-56
-123
-369
-495
-170
-359
-392
-81
-323
-132
-143
-242
-165
-439
-419
-65
-154
-277
-282
-48
-389
-437
-428
-79
-307
-35
-485
-221
-85
-12
-199
-300
-209
-329
-481
-70
-165
-405
-40
-381
-392
5
-314
-454
-405
-49
-467
-398
-113
-230
-73
-482
-393
-289
-72
-94
3
-80
-235
-290
-335
-467
-332
-293
-395
-207
-63
-498
-151
7
-416
-313
-225
-248
-12
-148
-408
-460
-135
-164
-265
-472
-337
-481
-466
-412
-9
-67
-114
-241
-298
-149
-192
-99
-360
-16
-61
-87
-409
-287
-159
-410
-102
-18
-254
-117
-203
-291
-115
-148
-337
-81
-372
-243
-120
-439
-297
-235
-129
-19
-150
-57
-276
-375
-328
-73
-338
-429
-473
-262
-431
-465
-466
-492
-220
-296
-384
-307
-19
-157
-390
-286
-231
-163
-458
-418
-228
-341
-306
-101
-396
-97
-237
-198
-448
-127
-385
-114
-447
-437
-176
-134
-223
-361
-75
-344
-132
-45
-190
-456
-347
-246
-150
-444
-427
-383
-180
-145
-145
-380
-49
-481
-352
-6
-271
-189
-294
-56
-44
-371
-103
-267
-301
-284
-14
-156
-299
-176
2
-117
-301
-166
-224
-464
-272
-336
-178
-491
-168
-235
-245
-178
-167
-253
-495
-406
-17
-482
-495
-273
-343
-157
-282
-227
-71
-330
-426
-259
-173
-202
-348
-61
-296
-242
-74
-278
-79
-294
-413
-179
-233
-195
-376
-312
-205
-499
-409
-161
-5
-127
-194
-375
-139
-109
-206
-39
-76
-85
-440
-316
-418
-463
-426
-9
-129
-165
-59
-486
-431
-107
-140
-306
7
-75
-426
-306
-141
-395
-410
-358
-151
-328
-267
-236
-19
-86
-8
-317
-424
-323
-62
4
-230
-4
-132
-20
-204
-376
-398
-151
-437
-153
-88
4
-24
-394
-141
-448
-478
-260
-294
-428
-54
-73
8
-128
-256
-146
-236
-435
-194
-236
-385
-278
-348
-288
-229
-375
-173
-405
-480
-15
-139
-422
-213
-31
-393
-317
-296
-477
-435
-396
-416
-373
-376
-435
-329
-356
-12
-46
-326
-40
-408
-93
-220
-12
-427
-78
-434
-303
-407
-317
-403
-321
-53
-450
-399
-446
-496
-347
-491
-498
-147
-85
-187
-53
-218
-413
-123
-478
-256
-294
-303
-185
-82
-462
-404
-268
-139
-465
-121
-240
-373
-25
-185
-90
-36
-203
-319
-343
-294
-237
-174
-346
-304
-296
-384
-60
-2
-249
-490
-354
-458
-84
-423
-261
-338
-233
-147
-92
-178
-261
-486
-235
-237
-402
-223
-337
-107
-16
-296
-265
-19
-412
-112
-325
-305
-141
-305
-335
-118
-296
-431
-420
-291
-158
-304
-62
-198
-297
-217
-363
-77
-448
-33
-436
-347
-415
-364
-220
-193
-312
-43
-220
-232
-359
-498
-173
-483
-437
-351
-474
-182
-164
-469
-314
-365
2
-9
-143
-343
-369
-54
-361
-53
-479
-104
-487
-162
-126
-328
-237
-403
-369
-331
-411
-430
-475
-300
-166
-386
-446
-296
-381
-396
-226
-390
-366
-303
-495
-478
-337
-226
-32
-119
-246
-292
-75
-265
-44
0
-68
-191
-317
-469
-147
-36
-466
-7
-250
-136
-443
-322
-204
-70
-467
-249
-83
-226
-368
-428
-252
-103
-74
4
-296
-81
-62
-361
-304
-120
-269
-457
-213
-124
-107
-103
-163
-132
-233
-83
-230
-117
-494
-212
-446
-340
-405
-75
-125
-190
-167
-218
-378
-45
-451
-448
-219
-320
-269
-209
-465
-496
-283
-500
-394
-71
-107
-147
-492
-110
-192
-371
-347
-121
-408
-257
-98
-66
-490
-119
-418
-457
-389
-500
-378
-333
-110
-83
-312
-168
-177
-102
-110
-435
-412
-54
-285
-275
0
-266
-311
-254
-333
-167
-371
6
-291
-24
-143
-202
-163
-353
-404
-384
-92
-329
-264
-290
-292
-412
-232
-275
-112
-84
-153
-266
-492
-319
-145
-411
-51
-472
-229
-108
-361
-58
-209
-270
-436
-469
-35
-236
-282
-42
-321
-158
-396
-166
-218
-127
-364
-285
-17
-376
-143
-390
-229
-345
-448
-232
-323
-279
-394
-235
-117
-235
-247
-149
-272
-223
-144
-453
-458
-218
-23
-431
-86
-109
-56
-57
-331
-408
-118
-439
-167
-31
-24
-367
-413
-98
-243
-443
-165
-150
-355
-130
-334
-6
-299
-500
-96
-424
-183
-79
-423
-185
-251
-445
-452
-319
-181
-367
-1
-104
-374
-442
-473
-117
-478
-353
-364
-383
-174
-79
-493
-347
-305
-492
-366
-101
-454
-164
-93
-302
-387
-147
-223
-84
-370
-235
-14
-403
-115
-175
-410
-225
-121
-453
-476
-425
-162
-454
-137
-103
-380
-111
-398
-425
-371
-130
-119
-337
-273
-452
-22
-260
-277
-405
-312
-311
-203
-337
-221
-276
-180
-24
-233
-223
-7
-254
-174
-368
-448
-495
-58
-317
-253
9
-144
-99
-24
-300
-378
-184
-444
-113
-60
-235
-119
-261
-404
-322
-311
-494
-488
-464
-143
-405
-472
-117
-476
-46
-29
-29
-278
-135
-360
-484
-53
-42
-222
-360
-164
-456
-469
-486
-478
-338
-198
-152
-66
-379
-347
-148
-136
-176
-208
-314
-460
-26
-439
-404
-452
-148
-86
-34
-425
-423
-195
-496
-471
-430
-252
-345
-338
-461
-435
-157
-436
-488
-470
-485
-105
-31
-157
-28
-489
-41
-170
-368
-245
-212
-486
-367
-100
-310
-222
-417
-219
-312
-60
-123
-498
-229
3
-213
-211
-203
-483
-63
-300
-393
-368
-26
-409
-209
-201
-309
-145
-81
-244
-105
-100
-96
8
-337
-264
-454
-378
-119
-436
-445
-357
-430
-128
-44
-153
-72
-181
-359
-384
-226
-88
-471
-122
-391
-285
-159
-168
-301
-404
-363
-130
-419
-265
-468
-344
-368
-307
-310
-258
-159
-424
-290
-292
-223
-337
-133
-311
-285
-124
-331
-380
-155
-121
-476
6
-206
-450
-72
-6
-248
-249
-490
-381
-17
-288
-37
-315
-417
-329
-443
-26
-445
-189
-328
8
-452
-148
-74
-269
-457
-337
-3
-259
-262
-492
-478
-479
-487
-275
-200
-115
-340
-189
-315
-419
-8
-21
-423
-477
-39
-181
-22
-80
-259
-214
-180
-228
-321
-170
-496
-20
-208
-364
-496
-128
-150
-69
-18
-139
-459
-327
-496
-474
-115
-107
-34
-178
-3
-75
-485
-286
-45
-148
-352
-330
-394
-78
-361
-289
-42
-56
-420
-223
-436
-318
-329
-88
-320
-149
-173
-244
-271
-79
-307
-8
-224
-4
-492
-53
-450
-243
-113
-171
-434
-380
-39
-238
-66
-304
-327
-398
-267
-374
-442
-26
-130
-382
-216
-225
-174
-410
-12
-334
-224
-107
-329
-390
-117
-488
-428
-401
-460
-423
-222
-473
-447
-258
-6
-276
-24
-478
-319
-473
-353
-429
-437
-417
-275
-431
-478
-486
-283
-116
-109
-416
-500
-423
-222
-379
-376
-199
-401
-86
-134
-437
-161
-489
-365
-199
-101
-121
-66
-266
-462
-494
-216
-422
-207
-399
-22
-152
-493
-272
-431
-450
-365
-475
-364
-222
-224
-385
-233
-262
-300
-191
-224
-120
-88
-391
-303
-376
-391
-361
-411
-141
-382
-120
-26
-466
-168
-237
-84
-293
-433
-85
-73
-116
-306
-306
-437
-418
-141
-346
-103
-234
-318
-225
-181
-339
-220
-154
-136
-491
-87
-328
-225
-269
-476
-47
-126
-456
-390
-140
-412
-404
-313
-399
-260
-181
-35
-171
-326
-272
-408
9
-3
-202
-359
-300
-296
-72
-1
-182
-500
-119
-300
-110
-402
4
-462
-8
-352
-311
-411
-470
-71
-292
-436
-285
-352
-279
-153
-213
-471
-217
-29
4
-370
-306
-12
-182
-463
-367
-53
-100
-435
-368
-341
-35
-251
-286
-253
-344
-355
-479
-208
-316
-306
-489
-240
-278
-50
-358
-206
-34
-349
-165
-59
-145
-304
-483
-228
-2
-394
-40
-383
-44
-252
-496
-361
-262
-164
-248
-258
-192
-445
-25
-47
-277
-27
-485
-418
-500
-394
-34
-333
-429
-374
4
-53
-318
-249
-316
-205
-338
-465
-191
-144
-342
-243
-55
-301
-409
-385
1
-25
-441
-193
-137
-44
-317
-266
-111
-130
-179
-296
-198
-120
-11
-280
-281
-473
-40
-452
-352
-388
-274
-237
-220
-263
-320
-52
-326
-446
-145
-213
-243
-422
-17
-231
-399
-500
-393
-280
-433
-376
-178
-54
-161
-487
-201
-387
-218
-462
-63
-8
-214
-430
-396
-366
-12
-47
-67
-233
-190
-62
-474
-181
-250
-276
-289
-500
-169
-299
-494
-426
-392
-119
-384
9
-468
-111
-356
-252
-305
-227
-374
-469
-53
-369
-431
-56
-25
-161
-59
-61
-187
-158
-375
-56
-445
-396
-157
-402
-341
-321
-351
-416
-187
-381
-331
-13
-111
-10
-212
-24
-451
-214
-52
-380
-167
-365
-199
-439
-396
-302
-342
-493
-294
-163
-354
-396
-385
-145
-233
-279
-160
-324
-271
-88
-317
-86
-428
-452
-42
-186
-176
-181
-40
-306
-459
-345
-462
-2
-38
-245
-22
-134
-406
-30
-120
-384
-180
-409
-158
-178
-303
-328
-105
-142
-99
-157
-168
-365
-1
-409
-26
-432
-422
-450
-45
-430
-72
-225
-342
-286
-472
-66
-462
-50
-330
-483
-448
-463
-86
-366
-467
4
-408
-344
-2
-22
-466
-384
-75
-22
-458
-70
-459
-473
-209
-453
-268
-245
-211
-447
-476
-129
-362
-165
-170
-380
-171
-36
-447
-172
-111
-8
-258
-252
-82
-219
-23
-11
-234
-419
-87
-336
-127
-271
-475
-241
-42
-230
-336
-77
-469
-74
-41
-494
-68
-109
-246
-56
-405
-1
-58
-264
-184
-460
-181
-446
-328
-131
-163
-125
-237
-347
-450
-57
-217
-394
-84
-375
-433
-83
-125
-281
-328
-198
-218
-84
-80
-171
-193
-115
-437
-207
-80
-399
-365
-6
-392
-234
-335
-251
-398
-140
-356
-62
-296
-290
-373
-447
-14
-456
-89
-245
-351
-25
-39
-52
-491
-79
-454
-179
-185
-181
-395
-358
-142
-280
-308
-305
-132
-91
-62
-397
-24
-93
-402
-197
-16
-79
-161
-173
-130
-322
-175
-8
-255
-422
-458
-459
-61
9
-282
-185
-157
-63
-295
-11
-338
-445
-450
-338
-360
-362
-275
-320
-232
-171
-232
-207
-219
-256
-162
-475
-57
-383
-171
-109
-485
-319
-158
-384
-296
-225
-107
-278
-404
-94
-310
-200
-161
-431
-296
-374
-60
-275
-103
-372
-293
-215
-408
-420
-326
-459
-464
-455
-381
-241
-430
-354
-488
-497
8
-114
-303
6
-489
-200
-420
-434
-274
-344
-438
-283
-348
-148
-329
-268
-109
-393
-401
-312
-202
-55
-285
-473
-312
-56
-341
-325
-414
-441
-286
-116
-160
-39
-494
-239
-140
-336
-240
-307
-84
-479
-314
-255
-19
-62
-179
-193
-253
-270
-318
-357
-386
-5
-50
-207
-44
-52
-181
-208
-238
-332
-65
-29
-322
-163
-437
-327
-66
-256
-4
-401
-64
-95
-340
-338
-498
-103
-155
-482
-250
-364
-82
-315
-351
-278
-74
3
-181
-333
-493
-377
-187
-161
-154
-403
-424
-449
-358
-247
-164
-42
-131
-245
-437
-278
-123
-485
-376
-263
-499
-290
-493
-76
-439
-247
-287
-167
-468
-471
-453
-381
-452
-154
-498
-93
-355
-39
-218
-451
-32
4
-234
-31
-357
-115
-346
-131
-83
-429
-406
-383
-341
-94
-204
-204
-118
-156
-359
-189
-442
-366
-330
-383
-200
-286
-498
-297
4
-84
-65
-6
-466
-300
-399
-275
-303
-410
-492
-366
-25
-472
-25
-149
-114
-467
-121
-168
-435
-440
-165
-134
-211
-58
-60
-196
-445
-346
-57
-210
-217
-116
-132
-87
-371
-195
-385
-50
-260
-398
-85
-140
-239
-424
-268
-89
-151
-200
-47
-495
-336
-193
-478
-153
-236
-312
-367
-52
-286
-374
-44
-82
-441
-311
-85
-268
-231
-500
-344
-114
-481
-230
-482
8
-92
-278
-254
-186
-239
-259
-465
-376
-361
5
-470
-451
-326
-296
-338
-382
-464
-127
-371
-435
-370
-390
-275
-153
-207
-217
-88
-141
-51
-193
-425
-156
-460
-193
-497
-433
-417
-136
-427
-152
-82
-168
-281
-393
-338
-443
-164
-323
-493
-344
-352
-97
-29
-130
-139
-452
-14
-474
-114
-490
-496
-462
-481
-16
-446
-328
3
-359
-403
-305
-476
-295
-106
-81
-459
-78
-276
-302
-32
-477
-313
-115
-309
-294
-309
-270
-280
-184
-228
-433
-409
-427
-495
-177
-319
-63
-431
-146
-357
-277
-76
-118
-140
-313
6
-303
-51
-368
-181
-371
-290
-434
-252
5
-72
4
-189
-366
-465
-485
-268
-357
-256
-242
-307
-444
-393
-138
-324
-23
-315
-452
-406
-108
-326
-338
-386
-125
-39
-231
-380
-349
-5
-389
-261
-134
-260
-257
-400
-212
6
-94
-55
-321
-472
-30
-157
-466
-176
-14
-332
-365
-36
-46
-212
-409
-54
-246
-408
-342
-356
-309
-397
-474
-12
-239
-403
-290
-12
-272
-202
-475
-414
-376
-444
-372
-143
-4
-212
-109
-366
-332
-206
-136
-499
-447
-127
-247
-482
-85
-333
-70
-202
-253
-12
-499
-365
-76
-390
-46
-47
-262
-408
-132
-418
-101
-370
-50
-286
-65
-190
-128
-61
-182
-312
-267
-282
-287
-467
-429
-388
-220
-101
-372
-222
-140
-377
-486
-138
-292
-204
-295
-486
-89
-450
-178
-330
-456
-349
-29
-278
-404
-176
-22
-318
-212
-446
-168
-92
-298
-106
-14
-494
-493
-436
-301
-238
-148
-437
-319
-368
-194
-342
-97
-366
-301
-86
-31
-177
-395
-105
-228
-11
-444
-435
-36
-206
-314
-5
-102
-444
-376
-33
-12
-391
-257
-7
-469
3
-431
-91
-26
-11
-183
-382
-379
-461
-148
-145
-106
-81
-336
-239
-185
-240
-287
-7
-106
-56
-140
-435
-378
-445
-213
6
-135
-436
-329
-207
-370
-155
-371
-317
-466
-247
-486
-487
-367
-111
-139
-228
-67
-367
-186
-188
-375
2
-237
-382
-68
-17
-45
-158
-373
-449
-432
-289
7
-399
-384
-253
-110
-438
-420
-204
-32
-474
-91
-118
-212
-52
-409
5
-363
-373
-347
-500
-384
-138
-19
3
-182
-150
-108
-328
-271
-364
-248
-249
-122
-35
-391
-4
-308
-95
-343
-19
-11
-316
-347
-186
-337
-226
-401
-294
-286
-391
-226
-339
-321
-419
-455
-271
-217
-330
-329
-207
-169
-117
-198
-476
-147
-172
-221
-245
-172
-230
-429
-267
-108
-453
-315
-321
-386
-309
-454
5
3
-87
-364
-462
-349
-215
-165
-398
-475
-192
-287
-346
-314
5
-89
-281
-62
-359
-54
-357
-323
-272
-400
-293
-96
-188
-461
-119
-364
-99
-427
-22
-151
-357
-499
-317
8
-373
-100
-49
-112
-87
-125
-146
-120
-314
-446
-75
-226
-290
-442
-143
-450
-439
-88
-406
-111
-125
-417
-71
-65
-193
-226
-300
-286
-382
-487
-10
-117
-249
-432
-296
-377
-414
-465
-167
-45
-122
-81
-333
-234
-313
-357
-136
-309
-249
-81
-43
-358
-298
-292
-226
-151
-175
-264
-203
-62
-31
-405
-151
-349
-353
-403
-452
-21
-151
-132
-456
-441
-267
9
-214
-12
-291
-172
-186
-249
-154
-110
-407
-458
-296
-409
-217
-169
-182
-250
-427
-403
-200
-16
-287
-366
-163
-371
-336
-455
-438
-33
-93
-167
-62
-139
-457
-243
-310
-15
9
-182
-50
-272
-409
-335
-385
-363
-491
-231
-151
-12
-46
-319
-149
-35
-77
-315
-304
-387
-192
-200
-399
-150
-215
-218
-268
-358
-237
-79
-418
-382
-110
-87
-258
-299
-218
-429
-142
-469
-452
-377
-343
-186
-40
-229
-420
-162
-459
-49
-361
-406
-470
-428
-277
-236
-292
-154
1
-420
-464
-107
-374
-429
-178
-322
0
-432
-270
-58
-450
-264
-247
-366
-85
-207
-262
-86
-383
-266
-383
-483
-1
-492
-31
-129
-285
-327
-49
-261
-287
-396
-342
-293
-119
-94
-116
-83
-232
-65
-201
-243
-277
-371
-292
1
-250
-137
-398
-235
-320
-176
-232
7
-259
-491
-215
-201
-125
-428
-333
-79
-36
-460
-173
-451
-210
-352
-159
-124
-147
-199
-240
-405
-12
-267
-264
-291
-411
-126
-336
-450
8
-351
-456
-447
-476
-210
-284
-236
-33
-370
-398
-386
-467
-439
-497
-115
-113
-410
-226
-140
-263
-467
-69
-173
-27
-266
-186
-251
-12
-397
-452
-368
-184
-433
0
-199
-478
-330
-284
-489
-164
-289
-205
-82
-76
-391
-391
-160
-126
-144
-335
-95
-10
-316
-422
-447
6
-187
-487
-120
-279
-382
-453
-178
-375
-88
-224
-115
-342
-380
-263
-261
-369
-157
-196
-439
-412
-236
-222
-307
-183
-352
-190
-418
-83
-137
-72
-99
-404
-58
-153
-409
-379
-124
-470
-322
-450
-431
-500
-411
-311
-265
-236
-134
-469
-264
-473
-20
-357
-447
-95
-295
-238
-84
-50
-46
-322
-447
-468
-417
-109
-470
-80
-453
-289
-348
-14
-145
-496
-200
-170
-318
-316
-23
-439
-227
-475
-160
-87
-459
-276
-105
-288
-311
-247
-392
-137
-418
-97
9
-447
-175
-210
-398
-430
-218
-476
-83
-314
-150
-302
-82
-473
-275
-93
-137
-308
-70
-305
-62
-287
-297
-456
-68
-133
-95
-84
-141
-287
-473
-140
-261
-361
-55
-34
-3
-140
-54
-160
-327
-426
-210
-162
-229
-22
-14
-109
-332
-334
-159
-219
-240
-383
-401
-117
-248
-201
-309
-123
-329
-98
-229
-140
-210
-161
-308
-495
-378
-66
-101
-119
-463
-371
-363
-392
-217
0
-140
-77
-360
-474
-493
-343
-321
-116
-407
-292
-353
-487
-318
-120
-464
-134
7
-422
-33
-375
-294
-193
2
-330
-398
-134
-96
-138
-349
-19
-295
-241
-306
-433
-135
-109
-165
-489
-90
-468
-222
-86
-275
1
-114
-375
-312
-200
-166
-132
-196
-372
-473
-423
-74
-330
-231
-48
-46
-41
-18
-337
-238
-177
-152
-226
-443
-22
-419
-242
-272
-432
-93
-10
-196
-325
-99
-238
-445
-447
-9
-135
-272
-345
-47
-343
-169
-165
-141
-278
-410
-388
-293
-340
-152
-320
-333
-101
-32
-10
-127
-178
-238
-226
-423
-54
-347
7
-427
-25
-191
-233
-171
-476
-4
-116
-480
-138
-51
-243
-370
-54
-289
-121
-268
-284
-109
-117
-411
-208
-319
-297
-327
-371
-127
-495
-305
-148
-67
-499
-393
-169
-282
-429
-247
-143
-418
-218
-421
-9
-423
-37
-64
-443
-221
-156
-92
-18
-293
-206
-366
-51
-332
-410
-2
-226
-458
-106
-4
-324
-1
-207
-325
-48
-112
-194
-209
-376
-224
-72
-308
-215
-29
-56
-339
-409
-450
-422
-81
-234
-492
-59
-389
-326
-156
-135
-368
-18
-196
-43
-70
-24
-217
-187
-400
-399
-3
-169
-420
-204
-189
-431
-90
-6
-448
-370
-115
-135
-345
-87
-46
-144
-397
-168
-405
-203
-463
-136
-53
-246
-259
-33
-379
-184
-203
-465
-55
-291
-369
-221
-411
-176
-377
-455
-292
-398
0
-464
-26
-94
-129
-355
-317
-265
-129
-434
-162
-181
-444
-466
-13
-449
-114
-59
-92
-346
-37
-141
-119
-381
-196
-261
-364
8
-237
-119
-429
-148
-106
-275
-27
-224
-58
-56
-49
-51
-32
-385
-401
-455
-138
-259
-216
-387
-363
-125
-72
-388
-267
-251
-334
-401
-452
-46
-433
-431
-18
-41
-83
-317
-361
-15
-137
-436
-441
-240
-438
-275
-323
-38
-374
-91
-29
-12
-367
-188
-225
-20
-116
-305
-45
-392
-224
-263
-94
-48
-107
-19
-134
-244
-72
-485
-193
-356
-182
-440
-169
-411
-236
-51
-373
-93
-307
-322
-334
-103
-150
-183
-315
-119
-437
-437
-282
-8
-431
-328
-72
-35
-432
-291
-214
-206
-7
-204
-243
-42
-232
-67
-107
-451
-425
-319
-188
-451
-492
-228
-471
-119
-128
-383
-324
-126
-213
-97
-334
-188
-215
-459
-49
-329
-257
-139
-448
-233
-24
-94
-308
-321
-156
-459
-321
-243
-182
-88
-448
-26
-140
-340
-338
-383
-117
-244
-103
-223
-212
-196
-395
-447
-231
-436
-462
-117
-13
-373
-152
-437
-448
5
-307
-393
-360
-196
-478
-443
-22
-466
-80
-276
-217
-387
-44
-197
-31
-136
-385
-118
-175
-413
-123
-237
-185
-467
-133
-176
-283
-422
-263
-54
-163
-400
-368
-360
-413
-10
-90
-65
-344
-287
-189
-68
-181
-28
-220
-147
-180
-451
-118
-12
-263
-89
-481
-311
-149
-391
-248
-14
-205
-161
-335
-129
-135
-415
-238
-305
-161
-250
-478
-368
-162
-388
-488
-130
-478
-101
-101
-10
-282
-274
-33
-60
-192
-418
-24
-363
-59
-235
-438
-335
-80
-217
-256
-195
-54
-328
-311
-369
-499
-260
-122
-470
-23
-84
-135
-287
-203
-392
-266
-500
-267
-198
-98
-283
-178
-469
-247
-265
-319
-157
-82
-145
-56
-35
-162
-398
-166
-229
-43
-109
-275
-15
-153
-178
-117
-382
-363
-355
-59
-24
-64
-15
-442
-44
-352
-269
-482
-311
-318
-207
3
-53
-233
-135
-209
-382
-356
-283
-130
-386
-196
-415
-232
-284
-142
-445
1
-108
-295
-31
-176
-155
-394
-274
-404
-456
-423
-350
-305
-305
-400
-18
-309
-468
-322
-362
-76
-206
-17
-434
-241
-413
-183
-233
-270
-117
-96
-273
-308
-29
-451
-288
-158
-12
-23
-393
-147
-191
-134
-410
-483
-426
-239
-391
-169
-28
-279
-29
-23
-369
-329
-89
-310
-131
-114
-436
-75
-199
3
-177
-282
-240
-442
-334
-317
-226
-75
-190
-318
-83
-85
-327
-408
-290
-396
-483
-320
-53
-385
-182
-246
-164
-366
-291
9
-201
-306
-104
-410
-344
-92
-193
-193
-139
-222
-177
-40
-339
-249
-475
-13
-496
-23
-458
-447
-35
-417
-133
-410
-422
-254
-331
-56
-445
-28
-411
-442
-36
-346
-207
-404
-136
-461
-266
-164
-403
-239
-400
-404
-29
-462
-337
-155
-474
-470
-41
-351
-446
-128
-91
-151
-212
-470
-226
-217
-163
-432
-41
-415
-484
-111
-251
-285
-366
-131
-494
-135
-448
-36
-161
4
-125
-329
-176
-277
-345
-486
-438
-259
-302
-293
-23
-477
-75
-47
-259
-490
-331
-440
-474
-48
-464
-434
-117
-374
-108
-287
-236
-155
-302
-252
-288
-251
-475
-133
-17
-205
-224
-41
-148
-9
-118
-253
-196
-62
-499
-343
-374
-350
-33
-222
-375
-33
-351
-461
-296
-489
-53
-12
-428
-258
-95
-428
-208
-46
-337
-198
-219
-250
-437
-409
-172
-94
-355
-410
-341
-495
-67
-49
-214
-22
-444
-370
-496
-32
1
-146
-45
-297
-350
-370
-476
-353
-232
-54
-480
-27
-478
-208
-288
-248
-230
-106
-279
-392
-300
-436
-431
-92
-394
-377
-347
-384
0
-475
-264
-217
-468
-156
-348
-425
-108
-418
-302
-373
-51
-109
-324
-85
-226
-93
-406
-314
-276
-201
-338
-389
-136
-57
-48
-1
-178
-171
-139
-10
-263
-277
-308
-350
-435
-487
-46
-444
-348
-454
-209
-63
-307
-244
-267
-297
-433
-162
-431
-358
-171
-474
-319
-302
-310
-54
-85
-27
-491
-193
-169
-311
-2
-432
-44
-104
-52
-499
-22
-459
-392
-245
-282
-214
-122
-486
-446
-19
-294
-471
-12
-361
-224
-270
2
-390
-402
-75
-417
-407
-430
-406
-449
-57
-215
-214
-373
-261
-405
-320
-294
-464
-40
-3
-202
-140
-307
-70
-64
-41
-182
-82
-75
-419
-61
-106
-47
-437
-291
-208
-484
-100
-111
-262
-43
-220
-386
-426
-491
-481
-58
-24
-369
-219
-55
-444
-104
-116
-442
-377
-287
-482
-138
-8
-69
-328
-494
-482
-36
-439
-245
-89
-311
-417
-376
-60
-69
-290
-431
-1
-12
-377
-416
-500
-314
-130
-336
-208
-411
-277
-478
-39
-113
-193
-186
-215
-384
-302
-170
-464
-191
-391
-474
-393
-246
-447
-293
-9
-242
-195
-464
-58
-95
-214
-346
-246
-134
-487
-99
-315
-143
-477
-395
-206
-60
-314
-48
-295
-396
-467
-261
-227
-72
-350
-486
-318
-235
-269
-441
-156
-84
-472
-427
-440
-49
-35
-86
-299
-197
-136
-291
-22
-398
-155
-470
-379
-490
-221
-53
-32
-15
-268
-426
-152
-355
-446
-140
-400
-279
-464
-492
-182
-55
-155
-425
-435
5
-493
-486
-85
-376
-53
-204
-273
-54
-177
-218
-239
-159
-376
-193
-50
-234
-302
-87
-351
-260
-36
-245
-473
-420
-204
-306
-16
-293
-424
-391
-133
-133
-129
-298
-481
-471
2
-277
-400
-430
-377
-433
-340
-65
-488
-325
-26
-364
-173
-352
-297
-380
-430
-63
-353
-292
-340
-91
-421
-289
-369
-290
-150
-466
-341
-132
0
-211
-376
-454
-72
-242
-48
-61
-229
-122
-9
-430
-237
-336
-411
-150
-164
-15
-21
-119
-225
-216
4
-122
-109
-146
-419
-192
-194
-230
-479
-318
-385
-198
-222
-318
-97
5
-210
-442
-436
-321
-389
-486
-471
-196
-44
-47
-355
-81
-173
-61
-467
-13
-355
-234
-303
-44
-252
-167
-375
-116
-462
-278
-67
-35
-192
-226
-404
-421
-427
-153
-434
-350
-134
-329
-447
-362
-233
-437
-359
-230
-470
-200
-46
-122
-447
3
-299
-55
-25
-20
-195
-487
-257
-159
-304
-395
-188
-102
-493
-171
-301
-280
-447
-378
-199
-372
-36
-454
-93
-239
-86
-464
-67
-320
-238
-214
-388
-198
-199
-231
-437
-279
-170
-112
-298
-316
-167
-276
-168
-108
-188
-375
-411
-319
-60
-152
-159
-370
-288
-412
-78
-422
-215
-304
-135
-2
-273
4
-308
-442
-407
-336
-380
-196
-302
-13
-245
-253
-60
-255
-362
-105
-304
-175
-344
-20
-291
-363
-251
-38
-454
-398
-388
-136
-456
-309
-154
-213
-60
-315
-191
-342
-256
-22
-445
-357
-30
-267
-402
-167
-168
-287
-63
-10
-240
-196
-180
-472
-265
-277
-297
5
-39
-277
-423
-282
-48
-439
-216
-137
-185
-196
-156
-6
-140
-71
-1
-76
-360
-325
-75
-288
-122
-443
-336
-260
-297
-72
-54
-141
-207
-14
-106
-13
-15
-459
-485
-69
-294
3
-334
-486
-421
-64
-287
-432
-315
-482
-298
-35
-149
-500
3
-253
-48
-46
-164
-341
-70
-437
-27
-195
-375
-152
-82
-314
-45
-344
-340
-400
-241
-57
-279
-331
-165
-126
-212
-393
-214
-197
-349
-151
-100
-449
-462
-365
-63
-369
-149
-246
-305
-289
-115
-343
-416
-23
-333
-448
-190
-491
-103
-411
-332
-228
-434
-151
0
-350
-81
-84
-169
-188
-334
-482
-116
-256
-132
-234
-341
-275
-456
-287
-336
-85
-121
-237
-102
-268
-117
-287
-147
-460
-80
-38
-136
-209
-188
-397
-49
-18
-134
-354
-472
3
-129
-416
-14
-211
-320
-135
-168
-318
-191
-51
-290
-196
-383
-93
-83
-2
-134
-136
-17
-308
-496
-308
-87
-438
-283
-305
-310
-290
-201
-317
-49
-367
-264
-95
-377
-167
-178
-398
-208
-308
-371
-269
-170
-384
-489
-343
-250
-136
-306
-32
-178
-417
-483
-403
-240
-66
-3
-332
-250
-93
-115
-366
-439
-28
-411
-277
-331
-226
-440
-298
-276
-242
-429
-345
-315
-182
-329
-497
-248
-390
-53
-434
-470
-249
-8
-74
-323
-194
-1
-365
-154
-130
-391
-4
-281
-323
-134
-20
-232
-195
-229
-269
-114
-167
-6
-144
-332
-218
-107
-367
-276
-1
-151
-66
-230
-400
-193
-148
-292
-373
-416
-268
-257
-9
-275
-318
-472
-281
-125
-181
-131
-155
-458
-241
-344
-420
-289
-384
-3
-73
-115
-236
-58
-99
-289
-55
-181
-277
-270
-35
-94
-311
-103
-401
-14
-62
-71
-338
-25
-306
-446
-488
-428
-403
-491
-175
-5
-344
-216
-293
-169
-187
-306
-143
-196
-498
-224
-498
-245
-166
-69
-178
-145
-375
-239
-29
-234
-309
-370
-155
-184
-118
-277
-263
-207
-23
-361
-444
-160
-379
-358
-353
-344
-301
-147
-435
-72
-407
-206
-376
-191
-339
-394
-382
-497
-148
-314
-493
-441
-486
-296
-459
-248
-44
-372
-471
-217
-244
-345
-269
-493
-71
-470
-383
-319
-128
-284
-145
-314
-275
-305
-443
-121
-178
-289
-489
-292
-433
-447
-13
-191
-127
-56
-341
-22
-486
-282
6
-499
-5
-410
-95
-416
-6
-405
-139
-31
-233
-292
-218
-304
-308
-61
-173
-206
-74
5
-146
-198
-318
-26
-45
-96
-185
-244
-261
-358
-378
-306
-233
-51
-351
-105
-82
-419
-281
-333
-386
-158
0
1
-54
-84
-54
-298
-254
-339
-336
-275
-126
-276
-370
-197
-364
-412
-374
-426
-416
-168
-38
-264
-467
-458
-469
-14
-491
-254
-258
-215
-46
-384
-482
-482
-436
-412
-72
-247
-482
-492
5
-357
-362
-366
-117
-180
-55
-487
-308
-77
-292
-245
-28
-406
-78
-284
-193
-6
-202
-305
-180
-29
-12
-138
-98
-80
-143
-53
-368
-158
-169
-274
-271
-108
-434
-476
-399
-435
-259
-94
-467
-209
-328
-171
-49
-429
-468
-213
-369
-93
-35
-444
-68
-137
-223
-105
-436
-334
-81
-265
-146
-415
-196
-353
-137
-60
-406
-95
-130
-145
-398
-472
-186
-183
-399
-161
-175
-126
-77
-414
-175
-253
-128
-349
-465
-476
-6
-425
-77
-334
-401
-89
-408
-204
-234
-461
-214
-287
-435
-420
-468
-63
-303
-216
-128
-437
-227
-292
-278
-302
-287
-199
-113
-460
-196
-444
-398
-201
-40
-491
-328
-288
-131
-242
-96
-117
-226
-167
-280
-53
-28
-272
-250
-372
-398
-28
-8
-347
-45
-334
-243
-419
-404
-149
-390
-146
-392
-367
-195
-371
-127
-373
-7
-98
-264
-286
-9
-267
-5
-313
-41
-456
-485
-364
-253
-225
-402
-73
-398
-433
-181
-220
-27
-230
-12
-494
-242
-83
-239
-22
-430
-198
-221
-236
-166
-447
-277
-444
-395
-372
-140
-323
-102
-140
-1
-426
-3
-159
-270
-98
-131
-241
-248
-111
-193
8
-296
-111
-442
-285
-434
-162
-30
-86
-199
-230
-144
-230
-344
-318
-184
-122
-424
-198
-313
-62
-9
-221
-455
-331
-162
-328
-53
-391
-340
-465
-20
-71
-240
-198
-42
-186
-349
-202
-160
-278
-204
-217
-463
-70
-116
-449
-15
-407
-423
-20
-437
-385
-266
-460
-164
-233
-288
-421
-116
-313
-91
-307
-418
-154
-98
-397
-225
-247
-144
-124
-379
-51
-488
-292
-338
-94
-297
-389
-424
-255
-60
-280
-214
-66
-209
-133
-53
-189
-499
-321
-436
-109
-291
-117
-179
-365
-292
-148
-243
-277
-222
-139
-108
-278
-114
-500
-456
-186
-23
-59
-259
6
-161
-425
-366
-193
-386
-367
-186
-102
-413
-48
-16
-306
-124
-154
-352
-447
-248
-117
-45
-325
-300
-223
-50
-396
-130
-341
-199
-161
-351
-460
-491
-293
-349
-4
-258
-385
-392
-315
-204
-157
-241
-198
-198
-82
-498
-427
-495
-347
-407
-237
-125
-235
-415
-150
-52
-293
-424
-408
-360
-494
-384
-26
-333
-130
-500
-231
-130
-351
-272
-386
-472
-309
-368
-327
-493
-248
-433
-165
-370
-321
-367
-295
-399
-285
-178
-34
-101
-453
-47
-399
-157
-312
-183
-128
-215
-156
-58
-487
-165
-11
0
-378
-266
-126
-202
-482
-471
4
-58
-8
-206
-490
-323
-14
-403
-110
-437
-398
-192
-423
-466
-473
-449
-100
-62
-138
-96
-326
-330
-65
-151
-483
-26
-366
-483
-237
-465
-488
-284
-358
-360
-190
-290
-317
3
-47
-210
-173
-365
-352
-487
-325
-254
-281
-171
-256
-153
-245
-326
-93
-455
-344
-258
-487
-130
-422
-191
-190
-233
-361
-368
-466
-324
-61
-48
-260
-239
-132
-442
-391
-150
-476
-373
-31
-207
-10
-414
-437
-390
-51
-247
-426
-294
-480
-459
-422
-436
-163
7
-493
-63
-409
-119
-290
-340
-64
-376
-16
-360
-469
-212
-417
-205
-29
-6
-383
-396
-288
-497
-470
-466
-444
-459
-300
-439
-149
-492
-323
-246
-179
-300
-56
5
-342
-242
-176
-346
-111
-79
-331
-284
-174
-495
-85
-345
-123
-43
-234
-466
-407
7
-209
-360
-474
4
-221
-435
-372
-299
-187
-418
-463
-266
-330
-231
-481
-120
-208
-18
-107
-210
-194
-470
-485
-76
-249
-216
-117
-158
-35
-455
-450
-236
-61
-496
-174
-412
-366
-305
-464
-403
-23
-453
-126
-158
-394
-52
-121
-47
-247
-358
-83
-186
-432
-464
-437
-69
-1
-27
-296
-224
1
-496
-104
-322
-95
-353
-318
-175
-138
-332
-341
-433
-5
-346
-177
-399
-200
-167
-147
-207
3
-474
-380
-96
-27
-3
-187
-73
4
-28
-2
-164
-248
-304
-347
-31
-120
-132
-10
-143
-304
-28
-7
-474
-273
-30
-206
-418
-492
-202
-296
-195
-307
-403
-202
-230
-478
-164
-456
-390
-376
-369
-400
-104
-454
-50
-31
-377
-220
-498
-336
-213
-419
-171
-185
-153
-354
-140
-12
-40
6
-84
-178
-15
-387
-482
-246
-170
-333
-449
-45
-97
-290
-9
-132
-293
-453
-432
-297
-344
-260
-251
-498
-164
-310
-163
-340
-249
-184
-271
-494
-274
-157
-244
-133
-216
-65
-159
-215
-352
-178
-378
-168
-296
-365
-49
-243
-348
-499
-78
-238
-47
-213
-285
-189
-401
-22
-41
-337
-104
-221
-255
-196
-274
-107
-239
-409
-414
-483
-131
-329
-429
-39
-267
-163
-58
-342
-73
-137
-173
-100
-72
-166
-10
-404
-125
-492
-125
-250
-173
-128
-76
-377
-359
-476
-74
-269
-356
-385
-152
-157
-29
-453
-183
-481
-179
-107
-55
-280
-143
-144
-119
-428
-79
-262
-322
-440
-443
-153
-227
-476
-316
-173
-447
5
-317
-223
-370
-56
-468
-283
-454
-268
-386
-80
-320
-22
-294
-188
-75
-421
-260
-42
-429
-294
-481
-295
-21
-323
-491
-320
-427
-214
-457
-340
-251
-358
-399
-127
-159
-82
-325
-274
-24
-103
-191
-100
-230
-385
-337
-480
-313
-7
-47
-174
-191
-389
-381
-346
-289
-271
-239
-187
-384
-222
-290
6
-496
-499
-450
-457
-94
-348
-158
-493
-250
-403
-202
-284
-409
-247
-256
-351
-13
-281
-120
-68
-272
-145
-81
-299
-239
3
-17
-417
-378
-314
-366
-28
-458
-125
-489
-330
-376
-201
-28
-424
-321
-142
-194
-8
-471
-237
-33
-114
-87
-206
-133
-219
-132
-118
-324
-17
-420
-352
-477
-430
-113
-341
-343
-339
-74
-478
-349
-418
-46
-314
-485
-366
-403
-207
-335
-226
-156
-94
-462
-253
-32
-356
-32
-466
-466
-255
-326
-378
-435
-4
-50
5
-354
-301
-174
-85
-269
-76
-93
-198
-91
-214
-60
-328
-458
-5
-235
-412
-217
-433
-169
-256
-231
-343
-257
-375
-429
-163
-262
-192
-405
-328
-246
-46
-434
1
-453
-294
-11
-377
-240
-112
-165
-278
-192
-339
-360
-183
-443
-32
-270
-413
-341
-490
-135
-323
-109
-403
-265
-498
-124
-166
-469
-90
-91
4
-461
-432
-211
-273
-490
-1
-11
-278
-290
-133
-86
-325
-268
-58
-446
-52
-405
-417
5
-311
-191
-470
-477
-203
-31
-204
-175
-44
-449
-23
-211
-215
-453
-128
-336
-193
-413
-424
-238
-320
-186
-436
-15
-292
-446
-200
-368
-368
-185
-141
-128
-318
-38
-59
-365
-380
-374
-346
-15
-7
-146
-375
-397
-276
-195
-51
-366
-123
-410
-401
-163
-270
-290
-367
-401
-341
-169
-136
-189
-154
-44
-395
-374
-373
-284
-36
-217
-94
-72
-336
-401
9
-83
-279
-446
-491
-279
-81
-240
-298
-62
-351
-103
-390
-28
-472
-197
-125
-106
-56
-289
-157
-447
-173
-410
-226
-261
-110
-145
-44
-93
-127
-439
-418
-295
-319
-399
-26
-148
-71
-6
-270
-54
-193
-343
-230
-386
-342
-293
-231
-446
-125
-39
-463
-301
-307
-138
-81
-168
-455
-186
-205
-232
-427
-218
-166
-387
-374
-456
-277
-101
-211
-259
-290
-320
-89
-455
-119
-70
-423
-462
-358
-160
-150
-110
-291
-286
-193
-77
-251
-54
-235
-383
-80
-15
-102
-158
-338
-110
-148
-129
-376
-132
-45
-45
-347
-184
-158
-473
-372
-343
-223
-220
-231
-267
-359
-12
-52
-160
-186
-373
4
-342
-312
-147
-98
-79
-184
-134
-26
-273
-71
-318
-334
-182
-379
-465
-412
-370
-305
-5
-207
-159
-112
-203
-74
-249
-185
-265
-305
-434
-402
-459
-94
-407
-260
-14
-197
-177
-316
-119
-25
-214
-119
-434
-307
-133
-435
-411
-398
-239
-275
-386
-367
-3
-388
-48
-71
-5
-492
-86
-127
-91
-465
-50
-48
-237
-179
-103
-476
-369
-308
-181
-70
-31
-155
-473
-376
-127
-350
-277
-459
-374
-384
-1
-448
-274
-253
-447
-53
-164
-15
-235
-258
-304
-307
-171
-139
-165
-360
-238
-225
-313
-462
-329
-259
-422
-353
-154
-2
-443
-191
-67
-278
-431
-153
-303
-315
-345
-252
-175
-372
-397
-366
-34
-358
-288
-146
-35
-139
-416
1
-390
-253
-387
-299
-498
-423
-207
-333
-311
-476
-439
-334
-422
-326
-177
-373
-81
-163
-21
-374
-189
-84
-18
-305
-430
-354
-117
-317
-411
-185
3
-481
-487
-282
-375
-477
-438
-398
-345
-391
-157
-158
-135
-316
-183
-370
-135
-296
-494
-173
-448
-346
1
-72
-420
-199
-37
-367
-442
-486
5
-347
-10
-397
-167
-496
-174
-176
-442
-90
-48
-443
-215
-84
-266
-51
-269
-353
-42
-234
-396
-397
-175
-308
-145
-49
-222
-175
-360
-283
-427
-202
-403
-134
-229
-281
-86
-363
-479
-155
-174
-311
-93
-362
-128
-251
-98
-469
-299
-480
-440
-330
-224
-56
-459
-113
-220
-165
-452
-108
-212
-127
-194
9
8
-375
-134
-274
-349
-27
-475
-427
-47
-329
-405
-467
-113
-322
-59
-225
-230
-218
-207
-272
-279
-302
-75
-463
-345
-62
9
-230
-436
-370
-190
-297
8
-140
-408
-240
-70
-287
-203
-46
-205
-137
-76
-305
-411
-64
-184
-302
-468
-45
-409
-373
-314
7
-439
-375
-395
-487
-242
-43
-367
-176
-140
-12
-7
-248
-66
-142
-56
-450
-189
7
-167
-216
-500
-394
-231
-78
-51
-81
-345
-473
-22
-488
-395
-130
-268
-411
-309
-466
-451
-377
-144
-332
-191
-38
-461
-294
-32
-46
-367
-93
-326
-124
-487
-349
-436
-395
-474
-180
-457
-230
-309
-54
-100
-307
-24
-378
-170
-499
-375
-399
-235
-314
-459
-373
-124
-150
-244
-76
-100
-428
-276
-467
-257
-102
-361
-34
-210
2
-103
-450
-118
-375
-47
-25
-220
-37
-252
-434
-479
-1
-250
-68
-245
-266
-438
-488
-415
5
-433
-23
-498
-93
-374
-3
-77
-414
-440
-258
-87
-448
-109
-163
-324
-163
-67
-340
-262
-238
-21
-73
-400
4
-451
-414
-323
-81
-398
-263
-231
-285
-45
-196
-461
-302
-178
-2
-444
-25
-138
-120
-21
-490
-84
-106
-318
-497
-114
-323
-403
-148
-435
-388
-191
-139
-390
-95
-58
-35
-15
-344
-408
-451
-454
-406
-281
-247
-298
-136
-23
-37
-417
-26
-348
-485
-298
-283
-457
-451
-478
-111
-454
-184
-43
-381
-45
-27
-157
-96
-93
-345
-70
-476
4
6
-476
-205
-213
-407
-5
-17
-321
-414
-138
-198
-63
-416
-402
-83
-48
-377
-473
-323
-204
-380
-201
-268
-226
0
-334
-297
-63
-408
-260
-7
-392
-167
-236
-342
-48
-110
-330
-444
-409
-38
-414
-213
-160
-378
-12
-20
-75
-140
-446
-408
-1
-309
-202
-232
-386
-447
-229
-173
-321
-474
-498
-144
-190
-490
-33
-169
-65
-340
-158
-130
-326
-91
-126
3
-298
-117
-400
-294
-263
-203
-255
-408
-30
-162
-5
-211
-262
-196
-119
-100
-154
-304
-402
-3
-48
-324
-363
-370
-402
-351
-142
-310
-466
-379
-476
-94
-437
-35
-135
-432
-68
-263
-470
-361
-410
-45
-349
-389
-277
-129
-357
-92
-195
-344
-97
-484
-287
-228
-432
-118
-171
-277
-286
-98
1
-286
-488
-210
-83
-374
-143
-95
-234
-93
-318
-155
-378
-341
-31
9
-144
-372
-191
-400
-186
-14
-405
-251
-450
-479
-102
-185
-287
-193
-262
-290
-293
-302
-148
-124
-142
-186
-361
-20
-190
-144
-278
-225
-370
-418
-65
-488
-392
-170
-15
-135
-181
-234
-6
-334
-372
-206
-300
-132
-358
-199
-31
-339
-299
-280
-16
-303
-54
-121
-156
-129
-71
-489
-352
-290
-353
-228
-53
-315
-364
-63
-465
-30
-146
-358
-400
-110
-230
-458
-228
-166
-313
-331
-490
-248
-202
-5
-456
-106
-291
-266
-485
-167
-458
-387
-81
-478
-2
-280
-173
-171
-309
-203
-167
-346
-94
-227
-93
-193
-33
-27
-477
-281
-196
-74
-51
-57
-451
-280
-150
-52
-186
-8
-164
-200
-406
-14
-202
-171
-131
-146
-230
-423
-92
-144
-84
-373
-359
-138
-35
-386
-1
-384
-500
-468
-402
-48
-249
-161
-77
-340
-338
-418
-103
-57
-154
-213
-252
-254
-94
-84
-320
-359
-165
-459
-215
-64
3
-119
-105
-22
-316
-158
-411
-193
-387
-319
-166
-143
-498
-423
-467
-312
-425
-362
-431
-468
-414
-420
-380
-157
-475
-219
-242
-2
-44
-409
-489
-55
-89
-135
-220
-139
-447
-23
-424
-212
-8
-264
-368
-450
-132
-160
-452
-194
-447
-301
-83
-220
-117
-384
-270
-11
-96
-256
-315
-123
-80
-213
-82
-42
-488
-105
-332
-373
-142
-257
-173
-146
-208
-169
-175
-371
-181
-484
-95
-316
-25
-158
-173
-180
-474
-191
-405
-416
-123
-310
-367
-495
-183
-214
-158
-330
-21
-401
-334
-119
-318
-61
-105
-350
-493
-27
-403
-52
-194
-251
-496
-369
-200
-463
-51
-72
-451
-137
-63
-418
-317
-50
-222
-316
-98
-113
-173
-79
-32
-130
-350
-179
-206
-438
-10
-26
-214
-171
-256
-384
-455
-257
-465
-421
-499
-390
-268
-292
-88
-211
-441
-441
-217
-175
-96
-361
-436
-55
-336
-381
-181
-499
-73
-444
-223
-323
-56
-77
-162
-425
-26
-7
-154
-429
-204
-387
-11
-494
-331
-284
-103
-126
-272
-19
-230
-452
-319
-349
-146
-74
-59
-306
-498
-314
-107
-221
-483
-232
-257
-434
-474
-110
-136
-98
-479
-45
-310
-266
-292
-166
-424
-478
-430
-301
-484
-159
-7
-276
-168
-121
-138
-229
-156
-51
-225
-357
-127
-207
-288
-114
-374
-10
-298
-11
-345
-445
-32
-241
-73
-356
-273
-448
-266
-481
-441
-19
-42
-249
-155
-380
-28
-124
-259
-263
-456
-499
-348
-144
-381
-415
-314
-330
-360
-85
-336
-17
-184
-161
-343
-395
-70
-213
-289
-50
-247
-156
-299
-222
-151
-108
-427
-91
-146
-241
-238
-416
-231
-134
-203
-355
-244
-297
-415
-490
-59
-197
-275
-298
-105
-102
-294
-38
-364
-403
-209
-321
-114
-256
-139
-257
-277
-204
-225
2
-481
-164
-155
-60
-371
-264
-290
-166
-396
-17
-492
-206
-141
-386
-152
-96
-150
3
-199
-107
-176
-111
-335
-217
-198
-424
-72
-375
-166
-12
-96
-480
-51
-338
-43
-431
-234
-196
-351
-139
-150
-306
-277
-176
-174
-276
-155
-223
-186
-339
-265
-28
-474
-42
-161
-310
-295
-302
-202
-305
-34
-460
-155
-125
-94
-480
-8
-78
-362
-113
-436
-7
-96
-375
7
-144
-261
-192
-61
-273
-246
-381
-72
-35
-40
-50
-46
-262
-280
-125
-390
-30
-57
-225
-52
-92
-138
-451
-325
-119
-258
-351
-36
-321
-252
-256
-426
-301
-290
-174
-295
-66
-458
-81
-95
-424
-214
-371
-344
-41
-369
-223
8
-311
-495
-276
-418
-252
-344
-7
-276
-265
-296
-480
-464
-404
-497
-489
-186
-470
-403
-242
-8
-97
-255
-3
-250
-18
-292
-259
-178
-41
-133
-226
-70
-286
6
-254
-368
-222
-247
-230
-421
-84
-56
-257
-82
-341
-370
-479
-349
-130
-133
-127
-340
-488
-278
-313
-419
-77
-121
-52
-475
-59
0
-118
-168
-77
-141
-377
-45
-186
-207
-257
-153
-121
-215
-65
-320
-382
-379
-76
-353
-392
-267
-365
-82
-496
-415
-432
-285
-210
-197
-398
-409
-208
-79
-327
-475
-257
-34
-105
-258
-16
-170
-282
-391
-260
-121
-393
-201
-475
-260
-218
-116
-382
-285
-319
-487
-241
-196
-389
-173
-216
-496
-341
-475
-474
-55
-281
-185
-302
-247
-188
-189
-460
-459
-330
-294
-83
-140
-62
-426
-328
-213
-62
-317
-123
-391
-264
-346
-322
-78
-78
-439
-291
-202
-424
-48
-237
-498
-261
-462
-138
-145
-69
-81
-170
-76
-369
-392
-48
-473
-106
-19
-68
-158
-301
-406
-349
-15
-279
-467
-242
-387
-14
-452
-239
-361
-49
-348
-161
-162
-480
-30
-369
2
-40
-120
-182
-53
-88
-347
-401
-278
-34
-474
-455
-334
-84
-145
-119
-1
-75
-94
0
-289
-213
-329
-447
2
-443
-397
-293
-234
-334
-326
-415
-433
-191
-24
-185
-205
-389
-387
-52
-339
-491
-181
-169
-411
-16
-423
-85
-195
-466
-264
-54
9
-103
-39
-217
-283
-3
-428
-243
-57
-73
-93
-355
-214
-88
-183
-170
-466
-60
-414
-164
-60
-333
-414
-381
-330
-77
-187
-458
-184
-92
-85
-456
-193
-233
-363
-319
-358
4
-408
-366
-458
-353
-38
-404
-487
-72
-88
-232
-262
-219
-70
-1
-40
-133
-58
-327
-70
-48
-404
-349
-479
-118
-106
-36
-293
-31
-356
-447
-297
-440
-368
-163
-137
-371
-55
-371
-215
-434
-125
-369
-222
-57
-365
-187
-206
-495
-128
-73
-124
-303
-440
-320
-387
-250
-269
-469
-68
-240
-348
-106
-181
-365
-285
-72
-91
-430
-42
-77
-204
-241
-235
-145
-382
-12
-386
-316
-164
-59
-282
-106
-500
-131
-130
-312
-158
-69
-248
-243
-200
-237
-328
-234
-348
-264
-25
-349
-434
-417
-285
-169
-226
-141
-199
-22
-359
-225
-176
-177
-372
-494
-398
-409
-145
-332
-209
-398
-39
-147
-59
-162
-291
-424
-478
-169
-381
-272
-396
-321
-166
-421
-75
-477
-314
-434
-5
-3
-295
-463
-371
-151
-129
-91
-17
-252
-301
-23
-362
-353
-233
-248
-404
-138
-265
-280
-464
-439
-463
-207
-227
-485
-429
-288
-193
-498
-125
-486
-321
-441
-463
-391
-5
-311
-365
-179
-151
-270
-98
-335
-482
-36
-5
-254
-276
-493
-75
-329
-416
-442
-25
-331
1
-307
-356
-17
-401
-402
-452
-250
-233
-463
-337
-304
-476
-238
-252
-103
-164
-164
-433
-426
-308
-203
-425
-222
0
2
-423
-149
-237
-136
-106
-439
-183
-282
-374
-392
-1
-343
-344
-170
2
-253
-176
-194
-38
-494
-390
-144
-106
-178
-150
-107
-393
-193
-239
-296
-393
2
-8
-63
-456
-467
-480
-493
-4
-422
-92
-432
-121
-277
-196
-350
-358
-462
-466
9
-187
-133
-223
-321
-33
-93
-365
-459
-487
-334
-183
-413
-191
-127
-494
-135
-260
-198
-218
-54
-319
-367
-455
-173
-489
-73
-42
-123
-91
-374
-306
-275
-269
-418
-225
-279
-38
-225
-464
-336
-35
-340
-431
-450
-366
-348
-106
-422
-370
-280
-251
-69
-90
-431
-10
-263
-130
-399
-470
-173
-216
-123
-258
-488
-52
-434
-328
-408
-428
-405
-166
-385
-92
-164
-141
-7
-61
-365
-355
-328
-54
-169
-302
0
-426
-369
-24
-480
-481
-112
-224
-292
-343
-427
-412
-411
-241
-489
-338
-367
-92
-255
-469
-415
-257
-429
-185
-485
-92
-131
-434
-320
-148
-60
-286
-405
-393
-91
-465
-301
-19
-59
-110
-284
-151
-218
-172
-85
-5
-15
-75
-318
-397
-177
-108
-434
-73
-351
-423
-69
-30
-378
-446
-281
-214
-444
1
-203
-382
-246
-392
-349
-488
-113
-235
-400
-395
-171
-428
-269
-198
-235
-256
-17
-73
-177
-429
-238
-332
-196
-115
-490
-430
-245
-17
-368
-394
-492
-410
-167
-149
-142
-353
-368
-166
-238
-387
-438
-390
-7
-365
-463
-1
-125
-115
-313
-338
-99
-242
-177
-283
-140
-190
-207
-56
-198
-445
-70
-221
-428
-218
-276
-313
-103
-418
-357
-406
-266
-415
-287
-32
-54
-475
-384
-257
9
-99
-445
-24
-139
-439
-74
-307
-281
-405
-136
-404
-95
-4
-8
-128
-219
-398
-35
-278
-121
-230
-332
-144
-341
-341
-182
-430
-497
-210
-141
-138
-288
5
-433
-403
-412
-26
-441
-257
-164
-237
-247
-170
-32
-203
-138
-427
-251
-85
-340
-309
-341
-260
-27
-278
-477
-478
-301
8
-260
-213
-45
-227
-194
3
-149
-231
-402
-128
-276
-58
-8
-107
-289
-113
-372
-425
-212
-139
-44
-345
-67
-192
-218
-6
-41
-50
-27
-37
-97
-22
-220
-497
-38
-242
-110
-74
-3
-63
-430
-368
-13
-478
-28
-338
-397
-394
-428
-250
-405
-76
-323
-368
-186
-48
-475
-198
-389
-209
-202
-492
-357
-205
-245
-228
-108
-252
-119
-118
-462
-253
-406
-184
-44
-280
-26
-368
-35
-216
-437
-344
-112
-303
-273
-195
-102
-62
-111
-397
-219
-58
-130
-330
-151
-13
-69
-267
-8
-281
-219
-309
-283
-18
-52
-105
-241
-273
-270
-202
-277
-6
-500
-128
-109
-430
-171
-72
-308
-280
-287
-245
-208
-497
-144
-339
-356
-261
-3
-129
-281
-264
-94
-217
-142
-180
-403
-486
-331
-42
-404
-31
-482
-53
-267
-108
-174
-234
-466
-115
-104
-71
-467
-216
-243
-15
-150
-452
-20
-203
-85
-98
-95
-100
-38
-487
-31
-294
-113
-73
-129
-283
-351
-136
-395
-22
-278
-171
-150
-277
-28
-471
-220
-39
-484
-460
-362
-304
-480
-363
-264
-128
-230
-477
-220
-391
6
0
-367
-225
-447
-262
-407
-196
-434
-41
-431
-42
-126
-40
-205
-36
-27
-34
-157
-303
-304
-406
-283
-141
-137
-89
-99
-150
-312
-92
-359
-208
-311
-492
-217
-273
-91
-228
-492
-219
-167
-39
-228
-33
-14
-218
-13
-374
-299
-385
-371
-351
-356
-419
-489
-27
-29
-165
-391
-215
-229
-71
-382
-280
-95
-496
-235
-339
-365
-365
-206
-79
-12
-191
-122
-111
-129
-163
-388
-498
-185
-216
-202
-58
-143
-390
-334
-425
-415
-346
-119
-302
-316
-122
-185
-175
-395
-257
-223
-442
-277
-60
-78
-398
-243
-306
-460
-383
-33
-14
-246
-179
-498
-394
-312
-268
-185
-452
-155
-186
-277
-222
-186
-236
-24
-385
-334
-166
-280
-47
-11
-181
-311
-192
-21
3
-306
-277
-301
-397
-256
-53
-78
-396
-490
-163
-97
-266
-175
-187
-271
-192
-204
-348
-271
-222
-411
-5
-86
-333
-305
-158
-415
-396
-231
-24
-242
-67
-143
-419
-76
-361
-95
-96
-273
-169
-94
-62
-416
-389
-127
-225
-317
-400
-122
-406
-206
-47
-63
-364
-394
-31
-19
-176
-372
-500
-407
-94
-227
-67
-270
-445
-413
-461
-290
-127
-235
-169
-497
-17
-72
-320
-48
-441
-230
-141
-169
-355
-203
-498
-83
-357
-290
-326
-354
-316
-422
-207
-368
-209
-461
-233
-219
-160
-365
-446
-174
-305
-42
-104
-117
-111
-405
-363
-167
-37
-225
-9
-334
-274
-233
-442
-218
-159
-384
-53
-140
-443
-236
-354
-165
-119
-60
-436
6
-48
-288
-39
-420
-375
-186
-181
-355
-302
-430
-322
-446
-206
-10
-472
-52
-460
-156
-299
-189
-221
-77
5
-107
-134
-421
-112
-22
-320
-123
-363
-339
-206
-221
-469
-36
-474
-367
-54
-483
-294
-476
8
-346
-109
-210
-166
-75
-20
-387
-435
-162
-34
-149
-468
-483
-365
-355
-93
-358
-329
-288
-432
-180
-69
-213
-41
-165
-338
-367
-381
-408
-164
-310
-231
-466
-61
-14
-269
-111
-56
-310
-147
-346
-196
-143
-352
-422
-289
-90
-200
-356
-499
-303
-366
-118
-307
-54
-413
-4
-191
-293
-447
-21
-233
2
-329
-301
-445
-41
4
-159
-139
-456
-66
-61
-272
-20
-191
-475
-276
-299
-203
-5
-306
-54
-166
-181
-143
-1
-274
-480
-45
-95
-496
-24
-357
-40
-409
-255
-458
-436
-282
-439
-450
-285
-209
-28
-478
-348
-137
-413
-433
-249
-379
-206
-77
-96
-376
-130
-241
-164
-344
-350
-280
-44
-174
-418
-116
-303
-77
-78
-233
-25
-31
-21
-204
-199
-165
-391
-22
-390
-211
-480
-325
-16
-374
-484
-306
-330
-343
-162
-310
-422
-20
-500
-161
-208
-119
-143
-405
-293
-278
-458
-120
-480
-175
-421
-283
-400
-443
-341
-148
-432
-164
-372
-310
-429
-477
-174
-264
-254
-237
-131
-327
-499
-167
-333
-74
-64
-48
-46
-26
-31
-383
-298
-293
-25
-79
-493
-167
-55
-203
-18
-271
-232
-45
-46
-460
-484
-251
-11
-375
-462
-441
-395
-403
-277
-454
-481
-101
-51
-79
-209
-237
-382
-123
-386
-408
-72
-398
-386
-63
-180
-302
-469
-141
-306
-470
-297
-189
-218
-241
-365
-237
-273
-142
-83
-16
-39
-1
-39
-306
-99
-73
-318
-311
-251
-182
-196
-429
-137
-69
-145
-295
-262
-420
-198
-476
-173
-212
-165
-485
-445
-422
-394
-410
-123
-398
-136
-333
-250
-173
-180
-320
-386
-152
-100
-186
-175
-191
-137
-170
-376
-426
-364
-276
-21
-487
-391
-360
-22
-84
-385
-93
-240
6
-186
-247
-344
-48
-359
-28
-481
-76
-39
-315
-345
-386
-50
-376
-449
-250
-396
-177
-423
-145
-58
-404
-4
-199
-43
-106
-134
-162
-76
-325
-424
-473
-6
-289
-44
-157
-96
-316
-364
-442
-285
-454
-125
-115
-351
-152
-310
-453
-339
-73
-2
-467
-402
-170
-137
-478
-409
-210
-329
-112
-178
-351
-436
-65
-137
-147
-16
-295
-288
-61
-418
-299
-50
-328
-245
-120
-260
-388
-103
-119
-259
-427
-427
-300
-43
-222
-480
-487
-288
-205
-473
-476
-79
-246
-236
-333
-285
-377
-355
-238
-382
-288
-213
-449
-131
-90
-358
-167
-467
-493
-312
-345
-70
-80
-157
-51
-107
-219
-29
-456
-158
-435
-284
-126
-367
-465
-270
-394
-291
-57
-396
-323
-278
-172
-301
-236
-57
-487
-499
-152
-488
-407
-309
-244
-262
-213
-161
-269
-36
-496
-299
-94
-25
-458
-44
-485
-317
-481
-64
-2
-143
-278
-442
-316
-259
-265
-271
-59
-394
-324
-6
-482
-171
-268
-373
-491
-191
-407
-73
-380
-161
-493
-223
-158
-116
-206
-390
-282
-323
-488
-44
-257
-191
-462
-12
-461
-453
-22
-235
-164
-214
9
-147
-239
-341
-395
-363
-14
-62
-270
-472
-142
-367
-112
-418
-498
-243
4
-406
-151
-132
-29
-282
-440
3
1
-140
-283
-417
-220
-68
-207
-187
-47
-71
-416
-61
-331
-35
-178
-93
-217
-338
-157
-429
-445
-350
-240
-236
-268
-281
-49
-369
-378
-230
-140
-158
-150
-123
-413
-272
-97
-54
-27
-278
-433
-461
-119
-310
-60
-266
-242
-449
-53
-54
-167
-270
8
-190
-342
-354
-425
-184
-445
-13
-47
-125
-349
-222
-390
-87
-51
-196
-43
-132
-79
-18
-183
-377
-459
-130
-340
-224
-108
-465
-22
-260
-461
-335
-372
-161
-227
-23
-235
-90
-42
-62
-483
-342
-94
-32
-23
-272
-369
-11
-238
-364
-432
-497
-294
-2
-18
-80
-233
-88
-442
-311
-375
-439
-289
-185
-481
-61
-261
-184
-153
-141
-427
-323
-16
-264
-497
-76
-363
-251
-457
-170
-414
-78
-475
-3
-323
-284
-348
-242
-194
-349
-40
-456
-439
-391
-456
-172
-54
-491
-135
-404
-53
-248
-189
-134
-40
-55
-74
-196
-289
-500
-429
-447
-395
-30
-397
7
-277
-86
-52
-229
-348
-459
-59
-256
-149
-304
-486
-19
4
-255
-199
-443
-391
-326
-144
-87
-269
-109
-496
-72
-179
-387
-262
-221
-493
-422
-129
-343
-212
-178
-13
-220
-374
-487
-490
-51
-40
-373
-324
-77
-241
-13
-139
-201
-455
-317
-123
-246
-408
-468
-461
-229
-475
-400
-324
-379
-310
-204
-181
-222
-102
-413
-406
-260
-462
-219
-26
-8
-201
-218
-261
-190
-335
-235
-150
-449
-346
-309
-222
-309
-247
-228
-341
-492
-84
-96
7
-61
-154
-75
-125
-133
-362
-239
-333
-218
-422
-428
-115
-309
4
-283
-268
-254
-241
-488
-491
-409
-276
-257
-464
-158
-381
-247
-202
-315
-362
-337
-431
-418
-415
-184
-248
-164
-420
-163
-108
-35
-40
-105
-1
-141
-332
-112
-24
-46
-347
-178
-340
-436
-81
-66
-86
-294
-137
-349
-307
-497
-410
-195
-279
-400
-394
-269
-450
-369
-413
-160
-166
4
-209
-309
-397
-240
-60
-212
-62
-121
-192
-112
-52
-136
-300
-265
-357
-235
-375
-404
-37
-330
-63
-470
-168
-471
-302
-431
-236
-423
-188
-317
-360
-390
-142
-88
-476
-1
-237
-264
-64
-429
6
-401
-443
-64
-154
-496
-374
-252
-97
-178
-311
-167
-218
3
-409
-457
-453
-227
-335
-489
-144
-68
-487
-21
-465
-298
-159
-175
-377
-147
-327
-224
-319
-307
-282
-232
-371
-464
-290
-351
-441
-427
-221
-341
-377
-83
-141
3
-485
-255
-339
-322
-181
-314
-61
-12
-161
-439
-42
-417
-88
-34
-235
-111
-171
-126
-422
-82
-353
-34
-422
-311
-349
-288
-105
-302
-414
-172
-377
-236
-350
-282
-216
-7
-330
-122
-341
-264
-79
-48
-269
-364
-198
-227
-208
-327
-35
-491
-325
-94
-88
-362
-71
-459
-337
-498
-435
-355
-13
-220
-15
-108
-143
-8
-245
-306
-116
-287
-230
-80
-172
-12
-456
-330
-360
-368
-166
-210
-115
1
-106
-470
-182
-299
-237
-344
-444
-83
-489
-111
-421
-444
-309
-159
-376
-469
-314
-320
-54
-370
-222
-391
-395
-394
-99
-303
-304
-257
-355
-387
-261
-234
-29
-24
-258
-361
-418
-107
-345
-135
-473
-93
-463
-415
-498
-409
-246
-43
-271
-285
-357
-419
-212
-391
-280
-413
-325
-421
-48
-67
-415
-440
-102
-248
-451
-222
-50
-28
-83
-353
-432
-45
-185
-206
-343
-373
-485
-28
-165
-78
-376
-34
-78
-147
-322
-187
-256
4
-195
-343
-76
-118
-278
-53
-123
-328
-149
-444
-205
-311
-288
-462
-350
-309
-390
-384
-101
-160
-193
-224
-253
-225
-490
-343
-285
-343
-444
-192
-404
8
-174
-73
-269
-452
-175
-237
-421
-407
7
-69
-13
-39
-282
-22
-401
-115
-413
-278
-313
-94
-127
-24
-26
-255
-380
-107
-298
-259
-340
-388
-473
-192
-224
-57
-88
-354
-433
-340
-127
-18
-210
-298
-399
-59
-279
-239
-439
-284
-8
-13
-98
-340
-88
-322
-430
-313
-234
-325
-50
-164
-103
-115
-398
-378
-469
-367
-48
-382
-498
-493
-234
-433
-495
-74
-203
-403
-160
-7
-316
-269
-174
-493
-350
-233
-129
-340
-205
-98
-93
-126
-299
-424
-86
-374
-447
-320
-84
-358
-418
-361
-332
-407
-96
2
-315
-149
-213
-481
-148
-294
-280
-195
-363
-387
-149
-105
-404
-233
-168
-216
-192
-82
-394
-310
-328
-19
-401
-375
-465
-330
-367
-78
-145
-156
-393
-384
-49
-382
-86
-23
-371
-491
-273
-369
-155
-179
-323
-241
-238
-430
-290
-278
-106
-440
-333
-203
-331
-202
-428
-287
-67
-219
-406
-198
-352
-168
-230
-160
-486
-187
-446
-397
-39
5
-485
-454
-225
-266
-389
-162
-404
-286
-461
-62
-41
-99
-317
-19
-55
-219
-322
-154
-369
-311
-174
-57
-53
5
-58
-57
-33
-340
-452
-137
-4
-385
-66
-455
-6
-246
-484
-480
-120
-133
-241
-191
-418
-345
-307
-79
-197
-388
-42
-404
-492
-465
-315
-254
-403
-169
-139
-360
-426
-446
-415
-67
-380
-203
-351
-470
-295
-166
-61
-450
-392
-455
-31
-327
-146
-91
-434
9
-196
-430
-483
-117
-383
-34
-296
-342
-406
-233
-284
-62
9
-54
-261
-360
-482
-345
-145
-492
-57
-443
-154
3
-448
-104
-390
-366
-413
-176
-347
-3
-380
-390
-46
-488
-239
-317
-193
-453
-169
-145
-180
-435
-68
-72
-450
-414
-291
-402
-265
-144
-119
-5
-399
-262
-34
-325
-211
-223
-191
-495
-18
-481
-432
-49
-362
-105
-378
-156
-2
-185
-224
-1
-432
-454
-139
-313
-498
-108
-249
-40
-391
-401
-266
-340
-488
-435
-264
-410
-254
-4
-57
-262
-212
-127
-228
-10
-41
-134
-68
-413
-1
-89
-372
-266
-485
-108
-27
-261
-154
-359
-2
-142
-228
-473
-122
-178
-213
-460
8
-242
-333
-385
-98
-366
-251
-357
-492
-122
-87
-301
-161
4
0
-16
-296
-143
-484
-274
-474
-315
-438
-321
-71
-138
-253
-82
-161
-99
-486
-241
-385
-135
0
-389
-107
-285
-19
-190
-15
-132
-69
-457
-271
-167
-197
-358
-133
-149
-290
-48
-146
-347
-65
8
-498
-404
-114
-253
-388
-404
-64
-116
-456
-118
-187
-166
-18
-11
-285
-482
-302
-462
-87
-17
-280
-382
-244
-438
-203
-95
-229
-194
-118
-83
-294
-137
-154
-284
-315
-61
-99
-164
-313
-109
-402
-419
-56
-309
-300
-446
-103
-374
-28
-433
-440
-184
-42
-301
-371
-122
-79
-44
-169
-399
-477
-489
-76
-480
-427
-72
-110
-434
-381
-447
-19
-355
-477
-169
-345
-298
-304
-499
-186
-122
-428
-355
-485
-99
-426
-364
-320
-147
-344
-307
-288
-1
-173
-451
-145
-80
-480
-464
-309
-143
-254
-5
-102
-165
-492
-371
-137
-314
-245
-337
-68
-430
-285
-251
-74
-467
-71
-12
-290
-16
-92
-51
-277
-97
-166
-301
-361
-41
-291
-471
-122
-412
-36
-105
5
-29
-380
-120
-116
-99
-440
-22
-362
-222
-219
8
-149
-424
-86
-20
-459
-7
-381
-393
-400
-302
-166
-148
-455
-489
-321
-204
-445
-52
-491
-488
-129
-305
-141
-397
-477
3
-413
-91
-457
4
-362
-456
-231
-113
1
-303
-490
-350
-91
-475
-434
-161
-153
5
-317
-403
-36
-468
-37
-317
-140
-25
-159
-175
-56
-492
-14
-305
-221
-41
-455
-161
-142
-162
-245
-363
-60
-80
-157
-24
-276
-254
-69
-300
2
-122
-300
-217
-344
-330
-495
-94
-412
-290
7
-333
-41
-340
-323
-228
-28
-78
-204
-499
-447
-44
-133
1
-133
-441
-11
-416
-259
-143
-46
-386
-163
-461
-299
-366
-234
-451
-275
-282
-351
-423
6
-412
-16
-123
-381
-153
-194
-365
-230
-37
-435
-23
-94
-300
-479
-477
-329
-499
-333
-238
-45
-13
-160
-144
-303
-484
-452
-240
-349
-146
-120
-332
-468
-260
-56
-324
-144
-294
-40
-103
-80
-425
-465
-31
-114
-78
-101
-399
-30
7
-29
-135
-108
-427
-473
-175
-89
-488
-125
-489
-18
-54
-253
-91
-399
-385
-399
-33
-366
-480
-350
-367
-475
-47
-72
-155
-294
-24
-3
-221
-29
-308
-173
-61
-208
-197
-93
-247
-471
-34
-406
-464
-376
-325
-456
-29
-463
-434
-359
-18
-251
-19
-390
-82
-113
-453
-317
-113
-254
-6
-45
-186
-42
-102
-119
-217
-116
-422
-132
-11
-395
-421
-484
-410
-67
-28
-326
-325
-119
-1
-494
-500
-449
-253
-74
-225
-414
-339
-61
-101
-468
-4
-390
-225
-409
-241
-463
-345
-323
-401
-59
-33
-6
-101
-432
-263
-306
-118
-195
-67
-328
2
-174
-314
-323
6
-71
-290
-337
-67
-70
-479
-212
-241
-53
-396
-263
-80
-338
-387
-174
-378
-227
-232
-366
-404
-38
-41
-240
-473
-340
-11
-131
-78
-194
-495
-168
-445
-77
-499
-229
-117
-298
-113
-371
-197
-317
-237
-384
2
-473
-324
-204
-258
-306
-336
-48
-75
-473
-155
-296
-70
-173
-117
-311
-4
-444
-422
-190
-474
-205
-281
-357
-423
-204
-278
-116
-321
-348
-451
-330
-336
-201
-395
-377
-61
-101
-267
-29
-89
-186
-452
-30
-395
-155
-93
-410
-345
-399
-410
-443
-390
-269
-116
-485
-172
-260
-321
-178
-69
-321
-26
-449
-241
-323
-255
-191
-120
-480
-39
-4
-419
-249
-151
-187
-454
-206
-413
-221
-127
-172
-438
-487
-237
-136
-47
-176
-254
-16
-128
-368
-266
-223
-72
6
-329
-423
-154
-11
-498
-71
-491
-275
-251
-131
-277
-15
-8
-88
-175
-226
-87
-352
-173
-464
-137
-253
-305
-155
-153
-239
-487
-312
-216
-474
-55
-117
-264
-395
-141
-16
-395
-500
-214
-394
-228
-375
-302
-44
-348
-347
-419
-453
-364
-41
-450
-378
-196
-208
-398
3
-495
-481
-497
-380
-278
-100
-111
-55
-284
-58
-221
-444
-230
-274
-355
-280
-15
-277
-279
-146
-201
-142
-261
-211
-431
-37
-130
-454
-301
-275
-120
-107
-24
-164
-420
-216
-190
-182
-318
-430
-413
-267
-387
-273
-177
-12
-292
-111
-109
-106
-91
-423
-209
-168
1
-308
-113
9
-452
-398
-365
-247
-174
-14
-405
-82
-489
-123
-100
-65
-424
-249
-189
-155
-361
-306
-300
-241
-126
-288
-106
-372
-221
-371
-320
-435
-360
-89
-320
-326
-399
-166
-146
-268
-420
-245
-317
-432
-254
-50
-14
-446
-265
-154
-469
-176
-12
-153
-2
-196
-40
-95
-469
-59
-491
-444
-321
-164
-360
-270
-487
-427
-229
-74
-377
-146
-137
-395
-77
-61
-190
-431
-315
-267
-105
-291
-108
-142
-274
-7
-381
-250
-427
-444
-124
-208
-159
-121
-39
-188
-462
-463
-211
-208
-378
-177
-156
-306
-417
-253
-246
-90
-341
-89
-461
-291
-66
-407
-429
-304
-31
-283
6
-54
-288
-232
-7
-113
-68
-337
-77
-21
-497
-84
-373
-164
-235
-147
-117
-374
-14
-80
-500
-130
-106
-473
-259
-43
-332
-336
-373
-124
-425
-37
-115
-103
-50
-83
-425
-226
-33
-380
-317
-473
-147
-193
-7
-205
-311
-347
-42
-498
-256
-12
-112
-33
-8
-220
-307
-282
-126
-442
-139
-449
-158
-179
-4
-246
-15
-60
-67
-309
-55
-387
-6
-75
-220
-7
-249
-233
-386
-23
-89
-318
-417
-83
-181
-10
-106
-211
-81
-315
-185
2
-409
-228
-291
-394
-477
-358
-136
-327
-187
-323
-164
-373
-408
-406
-89
-124
-57
-3
-145
-45
-273
-105
-498
-123
-134
-193
-379
-456
-58
-248
-105
-297
-113
-480
-487
-223
-31
-482
-358
-113
-74
-66
-453
-297
-375
-299
-386
7
-365
-447
-447
-245
-200
-193
-153
-354
-322
-199
-233
-43
-85
-60
-26
-354
-436
-424
-397
-393
-18
-44
-309
-398
-311
-385
-37
-475
-391
-241
-75
-482
-406
-94
-124
-80
-434
-257
2
-115
-236
-362
-245
-351
-355
-379
-285
-351
-57
-13
-145
-118
-4
-478
-35
-315
-136
-45
-289
-14
-212
-417
-451
-350
-276
-296
-72
-322
-318
-422
-165
-485
-456
-492
-102
-234
-37
-353
-99
-373
-459
-383
-315
-35
-102
-314
-275
-460
-107
-22
-374
-220
-126
-418
-131
-32
-211
-452
-365
-401
-436
-354
-146
-384
-345
-217
-439
-440
-286
-58
-199
-337
-160
-474
-228
-132
-350
-272
-287
-208
-231
-204
-442
-25
-412
